-0.0007407259545289
0.0016871568514034
0.0041338498704135
0.0071386666968465
0.0092660952359438
-0.0020360727794468
0.0067362398840487
0.0007256203098223
0.0028532366268337
0.0049857627600431
0.0061640827916563
0.0039082099683583
0.0006644084351137
0.0090996827930212
-0.0012306059943512
0.0075651030056179
-0.0000283737845166
0.0129301762208343
-0.0064639812335372
0.0030983942560852
0.0040758475661278
0.0095567638054490
0.0022334556560963
0.0092436317354441
0.0058945724740624
0.0056027239188552
0.0082734310999513
-0.0021405504085124
-0.0035708064679056
0.0094228237867355
0.0068197264336050
0.0102591104805470
