-0.0000024353898880
-0.0015472687082365
0.0087159564718604
0.0013675607042387
0.0095101119950414
0.0099209556356072
0.0054333982989192
0.0086217382922769
0.0055267289280891
0.0042098201811314
0.0072532831691206
0.0019490482518449
0.0063664373010397
0.0044378647580743
0.0053349426016212
-0.0015738437650725
0.0074548176489770
0.0012254565954208
0.0083638206124306
0.0051330276764929
0.0015556594589725
0.0101506505161524
0.0041873413138092
0.0086533417925239
0.0089571578428149
0.0010020441841334
0.0070781079120934
0.0052063646726310
0.0011900275712833
0.0004631681076717
0.0024712486192584
0.0050830179825425
