-0.0016332023078576
0.0072352183051407
0.0033170853275806
-0.0030681118369102
0.0029570618644357
0.0014513209462166
-0.0039053924847394
-0.0034505031071603
-0.0017476918874308
0.0045075779780746
-0.0019761095754802
-0.0033210811670870
-0.0025386272463948
0.0043588080443442
-0.0007802741019987
0.0041921241208911
0.0051695699803531
-0.0024436479434371
-0.0027468835469335
0.0039614080451429
-0.0025503318756819
0.0106793139129877
-0.0016826008213684
0.0058560688048601
-0.0016558647621423
0.0050190417096019
0.0029851507861167
-0.0026721360627562
0.0020256040152162
0.0051377243362367
0.0057019754312932
-0.0027610254473984
0.0094807296991348
-0.0021041864529252
-0.0017396286129951
-0.0015814412618056
0.0026506197173148
0.0028851828537881
-0.0020343179348856
-0.0024872880894691
-0.0029005734249949
0.0074407509528100
-0.0014702627668157
-0.0003668653662317
-0.0031427997164428
-0.0029981143306941
-0.0028091648127884
0.0001192994459416
-0.0003485275083221
0.0082538770511746
0.0008407093118876
0.0020333204884082
0.0035463331732899
-0.0003911477106158
-0.0019913930445910
0.0016754998359829
-0.0030077719129622
-0.0014319344190881
0.0016039191978052
-0.0030589473899454
-0.0011643822072074
0.0057544973678887
-0.0014106996823102
-0.0017179775750265
-0.0027585641946644
0.0028452742844820
-0.0030788697768003
0.0014046706492081
-0.0014186152257025
-0.0023620410356671
0.0061612478457391
-0.0011461273534223
0.0036333755124360
-0.0018619482871145
0.0069593428634107
0.0090739466249943
0.0072672250680625
-0.0016893451102078
-0.0043715173378587
0.0071693202480674
-0.0020996751263738
0.0033591357059777
0.0013640616089106
-0.0021468224003911
-0.0011497379746288
0.0084903910756111
-0.0020270098466426
-0.0035172372590750
-0.0033047951292247
-0.0032645072788000
0.0067662498913705
0.0009975144639611
-0.0000563599023735
-0.0011402211384848
-0.0015724003314972
-0.0023040249943733
0.0038723014295101
-0.0027721486985683
-0.0026642829179764
0.0063631329685450
-0.0013910208363086
0.0003273656766396
-0.0032114717178047
0.0087332194671035
-0.0005429207812995
0.0000073083851930
-0.0024606001097709
0.0060859494842589
-0.0029622199945152
-0.0029245854821056
0.0082058552652597
-0.0024643170181662
0.0080846091732383
-0.0022161251399666
0.0078146252781153
0.0005725699593313
-0.0016702000284567
-0.0011488380841911
-0.0010095591424033
-0.0016049169935286
0.0081965001299977
-0.0017717261798680
0.0067659630440176
0.0001393337006448
0.0052129081450403
-0.0024071985390037
-0.0031823776662350
0.0062248273752630
