-0.0104942182078958
0.1202507093548775
-0.0026262602768838
0.0861241817474365
0.0643948391079903
0.0088028172031045
0.0579717792570591
-0.0199715122580528
-0.0915511026978493
-0.1127641350030899
0.1410783678293228
-0.0018948193173856
0.0584426410496235
-0.0269044451415539
0.1207010224461555
-0.0778012126684189
-0.0505028106272221
0.1294307112693787
-0.0407393574714661
0.0791007503867149
-0.1357853710651398
0.0450607948005199
0.1243201717734337
0.1292825639247894
0.1013640612363815
-0.0885831490159035
-0.1167322173714638
0.0988235101103783
0.0957215875387192
0.1272635459899902
-0.0956600308418274
0.1128924116492271
0.0561608299612999
0.0465514063835144
0.0100992582738400
-0.0445957295596600
0.0317721292376518
-0.1414198130369186
-0.1034419164061546
0.0227982383221388
-0.1298537999391556
0.0784221291542053
-0.1152258738875389
-0.0054196207784116
-0.0067423684522510
0.0550333037972450
-0.0817599371075630
-0.0778772458434105
-0.1302978396415710
0.0802188813686371
0.0863999798893929
-0.0645409375429153
-0.1296830773353577
0.0823341757059097
-0.1154434904456139
-0.0302501171827316
-0.0188236013054848
-0.1227221339941025
-0.0199252590537071
-0.0985581353306770
0.1151707991957664
0.0681151226162910
-0.0734644085168839
0.1458360552787781
0.0802710056304932
0.1196299418807030
0.0264233406633139
0.1379172801971436
-0.0105416355654597
-0.1391518563032150
-0.1126923561096191
0.0348262973129749
-0.1211354881525040
-0.0337292738258839
0.0371663235127926
-0.0573061704635620
0.0972269102931023
-0.0198566243052483
-0.1104948520660400
-0.0054918965324759
-0.1342965513467789
0.1304813623428345
-0.0384379811584949
0.0017755788285285
-0.0997838526964188
0.0837480276823044
-0.0543688572943211
0.1472062319517136
0.0840848311781883
-0.0046734521165490
0.0205097161233425
-0.1069182306528091
0.0526657365262508
-0.0961884856224060
-0.0146572021767497
0.0080611780285835
0.0855979844927788
0.1395254880189896
0.0945982336997986
0.1332284063100815
-0.0726982429623604
0.1143792197108269
0.1354125887155533
-0.0427552647888660
-0.0719833821058273
-0.0399289168417454
-0.0487507320940495
-0.0666783452033997
0.0386139564216137
0.0505241379141808
-0.1155447438359261
-0.1321983337402344
-0.0919211134314537
0.0048422892577946
0.0906509831547737
-0.0897352546453476
-0.1304296404123306
0.1411305665969849
0.0801301077008247
-0.1328380554914474
-0.0814878493547440
-0.1290653645992279
-0.0895959436893463
-0.0541363693773746
0.0082388976588845
-0.1288890540599823
-0.0812644958496094
0.0878100469708443
-0.1166771799325943
-0.1220326125621796
-0.0707493573427200
-0.1026830598711967
0.0525175929069519
-0.0067793126218021
-0.0234391335397959
0.1142207235097885
0.0451593324542046
-0.0496966205537319
0.1389503329992294
0.1391785144805908
-0.1432156860828400
-0.0017780906055123
0.0228887274861336
0.0172429196536541
-0.1219359338283539
-0.1114835888147354
0.1193799972534180
-0.0008680544560775
-0.0917287021875381
-0.0122807417064905
-0.1160579323768616
0.1307164430618286
-0.0639900341629982
-0.0862849354743958
0.0913991406559944
-0.0504648089408875
0.1186174005270004
-0.0270047355443239
0.0558167919516563
0.0489280335605145
-0.1144521683454514
0.0773965567350388
-0.0316528081893921
0.1126476749777794
0.0903626680374146
0.0759294182062149
0.0107650728896260
0.0297891348600388
0.0213977508246899
-0.0001431726122973
-0.1151866391301155
0.0133353937417269
0.1072975173592567
-0.1089659631252289
0.0070674568414688
-0.0031437450088561
0.0097362389788032
-0.0208393428474665
-0.0871863886713982
0.1346612125635147
0.0958296582102776
0.0933493450284004
-0.0841102823615074
0.0525228790938854
-0.0846425518393517
0.0907876417040825
-0.1208493784070015
-0.0776469558477402
-0.0801703259348869
0.1379984468221664
-0.0157792642712593
0.0656668692827225
-0.0468801520764828
0.0429184287786484
0.1243702992796898
0.0915397852659225
-0.0309954006224871
-0.0071124807000160
0.0058433921076357
-0.1145981177687645
0.0039448412135243
-0.0132890883833170
0.0725699812173843
-0.1312964409589767
0.0435058437287807
0.1223193407058716
0.0502451732754707
0.0944256708025932
0.0235458388924599
0.1104787960648537
0.1283290982246399
0.0937579050660133
0.0265357941389084
0.0720292851328850
-0.1235224381089211
0.1329116225242615
-0.1237960532307625
0.0779470652341843
0.0826958715915680
0.0431230105459690
0.0589546933770180
0.1352352201938629
-0.0120831150561571
-0.0174427106976509
0.0957978069782257
-0.0116816181689501
0.0279792491346598
0.1034984439611435
0.1093037426471710
-0.1400179862976074
-0.1018872186541557
-0.0848446860909462
-0.0220138132572174
0.0463164411485195
0.0392010547220707
-0.0226762201637030
0.0218877028673887
0.0060858959332108
0.0194680206477642
-0.0949151143431664
0.1094069778919220
0.1371717751026154
0.0654019936919212
-0.1104481741786003
0.0173253044486046
0.0974331647157669
-0.1102457642555237
0.1422678381204605
0.1282761693000793
0.1189329400658607
-0.0395589470863342
-0.0417123734951019
0.0490980260074139
-0.0180691573768854
0.1026042699813843
-0.1125721931457520
-0.1227797344326973
-0.1221374347805977
-0.0359490327537060
-0.0675201490521431
-0.0097048114985228
0.0670665130019188
-0.0065748183988035
-0.0261997170746326
0.0395687296986580
-0.1173547208309174
-0.0361859574913979
0.0779474675655365
0.0343246124684811
-0.0005214528646320
-0.0256894603371620
-0.0928685739636421
-0.0051029054448009
-0.1131998524069786
-0.0921953395009041
-0.0472701117396355
-0.0856837332248688
-0.0809306353330612
-0.0866490229964256
-0.1299195885658264
-0.0348521694540977
-0.0664083510637283
-0.1084749028086662
0.0016635918291286
0.0283458344638348
0.1181427463889122
-0.1204208359122276
0.1135230660438538
