-0.1892964541912079
0.1074143499135971
-0.0254812240600586
0.1206304505467415
0.0273667778819799
-0.0203317590057850
-0.1469977200031281
-0.0079234000295401
-0.1377910226583481
-0.0514586605131626
0.2099268883466721
-0.0146574908867478
-0.0167448911815882
0.0800257474184036
0.1799747049808502
-0.0021926581393927
0.1443461924791336
-0.2000341862440109
0.1579590886831284
0.1791508793830872
0.2126924544572830
-0.0556945055723190
-0.1870003193616867
-0.0752025991678238
-0.1739001721143723
0.2159748226404190
0.1841947883367538
-0.1831039488315582
0.1390931159257889
0.1315651684999466
-0.1373433768749237
0.1586519181728363
-0.1586046069860458
-0.0200582332909107
0.0079899290576577
-0.1107235178351402
-0.1396362036466599
-0.1388897746801376
0.1061940118670464
0.0730870142579079
-0.0699318274855614
0.1594794988632202
0.0204009041190147
-0.1018833369016647
-0.0423506423830986
0.1990638971328735
-0.0859168916940689
-0.0822152867913246
0.0620311573147774
0.0100941732525826
-0.1716766059398651
0.0456069000065327
-0.0832866951823235
-0.1208735704421997
-0.2138979732990265
-0.1567308902740479
0.0685878470540047
0.1152748614549637
-0.0216256137937307
-0.1607632637023926
-0.1181465610861778
0.2052637487649918
-0.1195554733276367
0.1662310510873795
0.1021481379866600
0.1819775998592377
0.1111887618899345
-0.1516914665699005
-0.2026280313730240
0.1127121746540070
0.0274882614612579
-0.1710099875926971
0.1006071865558624
0.0591182298958302
0.1416781246662140
0.1839372515678406
-0.2021830230951309
0.1652406901121140
0.1874822974205017
0.0537936203181744
0.1796090453863144
-0.1162507459521294
0.1724510788917542
-0.0759144499897957
0.1680052876472473
-0.1631153374910355
0.1198113262653351
-0.1505287289619446
-0.0548509769141674
-0.0435271449387074
-0.0662928596138954
-0.1386285573244095
-0.0932078063488007
-0.0376143157482147
0.1776541769504547
-0.0441384501755238
-0.1922508329153061
-0.0457020178437233
-0.0585252456367016
-0.0574178509414196
-0.1776050180196762
-0.0796457603573799
-0.2096520513296127
-0.1157624348998070
-0.0534411035478115
0.2103319019079208
0.1421983242034912
0.1414158493280411
0.0920851528644562
-0.0430404655635357
0.0271342005580664
0.1287233233451843
0.0401250943541527
-0.0447719655930996
0.1759707629680634
0.1629066020250320
-0.0764257982373238
-0.1297482103109360
-0.1958663761615753
-0.1213590577244759
-0.1375987231731415
0.0037504839710891
0.2053869366645813
0.1525588333606720
-0.1249406710267067
-0.0452405251562595
-0.2068562060594559
-0.0652474239468575
-0.1651895642280579
-0.0236657578498125
0.0530459545552731
0.1252609640359879
0.0970152691006660
-0.0845921114087105
0.0685481727123260
-0.1666188836097717
0.0227211229503155
0.0331770926713943
0.1087943613529205
-0.1987920105457306
0.1151026114821434
-0.0725832134485245
0.0121916523203254
-0.0266932733356953
0.1996144503355026
0.1602972894906998
0.1997990012168884
-0.1003192812204361
0.0899393707513809
-0.1385982036590576
0.0399637892842293
-0.1452149897813797
-0.1928241848945618
-0.2078907489776611
-0.0926935076713562
-0.0883956179022789
0.1828187853097916
-0.0989423543214798
0.1219521239399910
0.1415328234434128
0.1975723356008530
0.1852365583181381
0.0731913447380066
0.0740175396203995
-0.1755661815404892
-0.0889450535178185
0.1151401400566101
-0.1100457683205605
0.1682163476943970
0.0884469002485275
-0.0990872904658318
-0.1275890767574310
-0.0175462812185287
-0.1154182404279709
0.0165970306843519
-0.1010430827736855
-0.1833527386188507
0.2047697454690933
-0.0507413297891617
0.1902680099010468
0.0506669990718365
-0.0767470374703407
-0.0958857759833336
-0.1389856040477753
0.1361163705587387
0.0535925552248955
0.1174409613013268
-0.1801264733076096
-0.1836726814508438
0.0886454209685326
-0.1627840697765350
0.1718192547559738
-0.1940284222364426
-0.0709925219416618
0.0495953336358070
0.0839571207761765
-0.0235290024429560
0.1814903914928436
0.2028745114803314
0.1846542358398438
-0.1030921712517738
-0.0994371175765991
-0.1696971058845520
-0.0754014924168587
0.1349506229162216
0.0742594450712204
-0.0265767592936754
0.0524753145873547
0.1113550066947937
-0.1178954914212227
-0.1805447936058044
0.1885508745908737
0.1826742440462112
0.0190229099243879
-0.2122922092676163
-0.0354311950504780
-0.1660470366477966
0.2053683996200562
-0.0330425910651684
-0.0394618771970272
-0.0659134164452553
0.0264026578515768
-0.0643680617213249
-0.0025928893592209
-0.0016678343527019
-0.1958930939435959
-0.0174143463373184
0.0540275350213051
0.1713195443153381
-0.0740561485290527
0.0433851368725300
0.0573327019810677
0.0474464260041714
0.1524759531021118
0.0226176287978888
0.0193570349365473
0.1860594898462296
-0.0782876312732697
-0.0125764161348343
-0.0415940470993519
-0.0840669050812721
0.0821824669837952
-0.1875975430011749
0.0606732927262783
-0.1981016695499420
0.1322610229253769
0.1275567114353180
0.0083462139591575
0.0234666988253593
-0.1880838423967361
0.0709289386868477
0.1227422133088112
0.1921547353267670
0.1783500015735626
-0.1030705645680428
0.1633155792951584
-0.0785824134945869
-0.0861590877175331
0.1357217878103256
0.1238332688808441
0.1129540055990219
0.0417960099875927
-0.1344694048166275
0.0141456564888358
0.0351906679570675
-0.0072117005474865
0.0340993888676167
-0.0857789218425751
0.1503651142120361
-0.1583508402109146
-0.0386796593666077
0.0013627796433866
-0.0333642996847630
-0.1048412844538689
0.1924654841423035
0.1595018655061722
0.0349074527621269
-0.1588323116302490
0.1434111744165421
0.0951284915208817
-0.0869759395718575
-0.0735251158475876
0.1123556718230247
0.1046540215611458
0.2068525403738022
-0.2049484699964523
0.1908120065927505
-0.1282365024089813
0.2051406651735306
-0.1821730732917786
-0.0045620133168995
0.1218425333499908
-0.0722297504544258
-0.0761994495987892
-0.0609911233186722
-0.1805386096239090
-0.1621480584144592
0.1564936041831970
0.0036521558649838
-0.1333985775709152
-0.1750131249427795
-0.0619583427906036
0.0962794721126556
-0.1849924027919769
0.1762401312589645
0.0027721014339477
-0.1708513945341110
-0.1484299302101135
-0.1406162381172180
-0.1186281368136406
-0.0302755236625671
0.1408940702676773
-0.0469852425158024
-0.1425466835498810
0.1851329058408737
-0.0328305512666702
0.0348615869879723
-0.2003386914730072
0.0885464176535606
0.0244082603603601
-0.0060677384026349
0.0612381584942341
-0.1269026845693588
0.1130059137940407
0.0775492116808891
0.0763599574565887
0.2085721343755722
-0.1568947881460190
-0.1656675785779953
0.0588443018496037
-0.1850939542055130
0.1641104370355606
-0.1449593901634216
0.1025791093707085
-0.0085660610347986
0.0303407292813063
-0.1769253015518188
-0.2012473940849304
-0.1899939030408859
0.1269190013408661
-0.0923565179109573
-0.1330015063285828
0.1246023774147034
-0.0302310660481453
-0.1100194007158279
-0.1974054425954819
0.1247718781232834
-0.0956032946705818
0.0129953259602189
0.0960229411721230
0.2050014138221741
0.1699008643627167
0.1717105358839035
-0.0303195789456367
0.0962012708187103
-0.0006565857329406
0.1782861649990082
0.1031700894236565
0.0779269710183144
-0.0247683636844158
0.1452283710241318
-0.0839978605508804
0.1674061864614487
-0.1599647402763367
0.1492316871881485
-0.1341387927532196
-0.0072543197311461
0.0483699515461922
-0.0954937860369682
0.0076526845805347
0.1755815744400024
-0.1647769361734390
0.1922869682312012
-0.1774287968873978
0.0795093327760696
0.1802844405174255
0.0200624931603670
0.1866336166858673
0.1282777041196823
-0.0660780295729637
0.1040257811546326
-0.1536418795585632
0.1037500947713852
-0.1846063286066055
0.0310515463352203
-0.0946276411414146
0.1619682908058167
0.1307870745658875
-0.0344989895820618
-0.1243194565176964
-0.0680110380053520
0.0988043248653412
-0.1112425848841667
-0.0916972085833549
0.0283292569220066
0.0411168858408928
-0.1992432028055191
0.0478182956576347
-0.0122143607586622
-0.1655688881874084
-0.0607368424534798
0.1378722339868546
-0.1693800091743469
-0.1948539018630981
0.2077173292636871
-0.0168429985642433
0.0598108656704426
0.1404380649328232
-0.0764186978340149
-0.1512438356876373
0.1474436372518539
0.1585835963487625
-0.0205776412039995
0.1388578563928604
-0.1562341600656509
-0.1832230538129807
-0.0732884034514427
0.0419025532901287
0.0922337695956230
0.1293776929378510
-0.0457384362816811
-0.0525535941123962
0.1876892596483231
0.0397536270320415
-0.0639155283570290
0.1132519543170929
0.1887272745370865
0.1549257040023804
0.0124297803267837
-0.0417457222938538
-0.1863649934530258
0.0407547913491726
0.0337246134877205
-0.1248722374439240
-0.0904380604624748
-0.1598290354013443
-0.0819442272186279
-0.1427399665117264
-0.1391253173351288
-0.0512865558266640
-0.1486577689647675
0.0693835020065308
0.1091127991676331
-0.1079896911978722
0.0324240811169147
-0.1615838855504990
-0.1493913829326630
0.0519709959626198
-0.1904489845037460
-0.0015698084607720
0.1341052502393723
-0.1317557096481323
0.1799065172672272
0.0278779156506062
-0.0767874047160149
-0.0664471760392189
-0.0266083739697933
-0.2048108875751495
-0.1756465435028076
-0.0286614708602428
0.0177720189094543
0.1903794407844543
0.0093327183276415
-0.2044655829668045
0.1163026764988899
-0.0805992484092712
0.2113654762506485
0.1149713024497032
-0.1882017999887466
0.1038015112280846
0.0598308704793453
0.1339099407196045
-0.0538795515894890
0.1458905339241028
0.1379975229501724
-0.1286559104919434
0.1563738137483597
0.0159076601266861
0.0401990786194801
-0.1367271989583969
0.1352637261152267
0.0346839390695095
0.1060977280139923
0.0929221510887146
-0.2093042731285095
-0.0893550738692284
-0.0397882834076881
-0.0926179736852646
0.1030720770359039
-0.0862193182110786
-0.0343316048383713
0.1250893324613571
0.0699864476919174
-0.0825347974896431
0.1086484566330910
0.1933798044919968
-0.1397568732500076
-0.0296022873371840
-0.0600061677396297
-0.1470473259687424
-0.0487241894006729
0.1511981785297394
-0.1795350760221481
0.1611918210983276
0.1306480169296265
-0.0698719322681427
-0.1051948070526123
0.1648075729608536
-0.1649247705936432
-0.0534686073660851
-0.1005198359489441
-0.0326751731336117
0.1052096858620644
-0.0395613126456738
0.1660095453262329
0.0610389932990074
-0.1629713624715805
-0.0012314219493419
-0.2058659642934799
-0.2103721648454666
-0.1074208691716194
0.1144854277372360
0.1335369348526001
-0.1260438412427902
-0.1513749212026596
-0.0627563595771790
-0.1746111363172531
-0.0992700383067131
0.0516242682933807
-0.1070645973086357
-0.0940069779753685
-0.0546231009066105
-0.1325951069593430
0.1592714786529541
0.0868968069553375
0.0476530380547047
-0.1178360059857368
0.1078075543045998
0.0854627937078476
-0.1771690696477890
-0.1568129360675812
0.1807323098182678
-0.0236232336610556
-0.0642094239592552
-0.1424187868833542
-0.1613969951868057
-0.1722542941570282
-0.0437152162194252
0.0236167479306459
0.0261593759059906
0.0896268412470818
0.1476661711931229
0.1751448214054108
-0.2137458622455597
-0.0160250570625067
-0.1765037178993225
-0.0214158315211535
0.2094593793153763
-0.0908669829368591
0.0759038254618645
0.1925419718027115
0.2064842432737350
-0.0152694806456566
-0.2004389017820358
-0.2062494754791260
-0.1408411413431168
0.0410658381879330
-0.0230492185801268
-0.0614716336131096
0.1074489951133728
-0.0300294309854507
-0.1449443548917770
-0.0231946613639593
-0.1421602070331573
-0.0595239698886871
0.0971096158027649
0.1655427962541580
0.0368920117616653
0.0484480783343315
-0.1767375618219376
-0.0322725065052509
-0.1503363400697708
-0.0573578551411629
0.1130527332425117
0.1932959109544754
0.0908758267760277
0.1184876188635826
-0.0842803418636322
0.2095617502927780
0.1857237666845322
-0.0773385018110275
-0.0134584410116076
-0.1625273823738098
-0.0991905257105827
-0.0509172081947327
-0.1403320431709290
0.1048260778188705
0.0387075990438461
0.0426981672644615
-0.1894834637641907
0.1799256801605225
-0.1906720697879791
0.0749970227479935
-0.1348731815814972
-0.1573194414377213
-0.0834064856171608
-0.0685664564371109
0.1906413584947586
0.0872403681278229
-0.0862341374158859
0.1038804873824120
-0.0575041659176350
0.2113517522811890
-0.1465788334608078
0.0101033551618457
-0.0427448228001595
0.1507409662008286
-0.1708437502384186
0.0166235882788897
-0.2039522826671600
0.2155734300613403
0.0000753915737732
-0.0551295541226864
-0.1033947467803955
0.1165256723761559
-0.0563947148621082
0.0137087879702449
0.0358762629330158
-0.0296128876507282
0.0243725199252367
-0.0947078540921211
-0.0123313385993242
-0.1868920922279358
0.1478207111358643
0.0152709605172276
0.1240029856562614
-0.1279416829347610
0.0595935434103012
0.0991856977343559
-0.2090003937482834
